233838329755675
87290075486159
206577823702951
82992658633570
187980020706735
294492987453025
492059904325423
328357447693222
217210246778252
346175677298991
221547913832824
222195213458197
91385160882898
323141625325629
366669558278382
39695881030771
504418831210934
230803839479094
548084145052232
21847062003443
555449058555823
461836587955314
54480997610146
94943644304261
205523415050919
206685982679368
426104762347233
367451876172919
399763542815802
366570871768965
544414885150889
376888272872989
551894588426522
485045986579426
188567604134848
276162316533870
404360117919644
490793159691190
50396196931438
253345899181826
174890087459899
226287203309036
353359261380966
389712072640900
515818360010521
541807184984388
456998169599758
426400643660771
55304670926604
539195638908578
268332584931386
241342472173150
26394289073905
190463343186956
553789159758141
278486923741611
144288291976932
375988191028565
537377442195163
288939889804209
406417927929594
98761694705442
416686216143471
474342675388849
511708329913570
333138735188276
253514782696115
424456523761578
475933540282366
212695170150072
199207749697335
502921949375556
33059587482880
310741088925326
413091349837193
44580422546522
421995163138415
408560540327907
48107521258814
247720426660246
97889587251927
127641919605318
17372259793564
364539955211231
434252447239241
66777823344596
149420794849511
70846611327521
399792216813586
436513549191933
505974620698330
73746031115927
556448993139556
152738984124668
515382830300301
222319748901301
49330005167629
210722561502586
332949590180503
296610582358170
542633356097362
24823818521331
371029665086701
499293200288258
374781108217407
339247035446675
221664983187869
149525619332891
315035846089740
445755221677660
210933558992538
75925672096105
37424101573585
16605206479756
163395057701132
179178533067502
242573788498574
16900872881239
377417112827084
264956962523951
91584039854023
495119362552492
430201899413671
394314659595496
521943230544028
3075640053009
68677512264121
107331363201786
116266496212349
280837321103310
366935861955776
215362176089615
418948260074445
502141601799523
193047090931525
418190003209191
496716014045958
48798541739024
541011146070058
217574667817286
9473025150696
126836125620925
147991036024158
308299350401210
130121495200773
122990444739779
54822804809955
90076309460549
106876169641666
412018508316244
75460189028215
490863860322051
301884153827449
9207170401419
417389299089158
369570755401244
396103774517894
444931004198995
552176693042833
82899818444345
556631277889956
185857493526545
190027275212382
423374955336369
95742057633540
265898072882764
257995431527529
4693294478261
497288496945266
51962320361988
488883031896713
392130092688147
46569858225274
553462278678155
201367787088308
368507632396947
491553855663716
411272792792766
472984435637850
29246366531442
366042886593282
326289997393465
522535989941626
295176900643605
174806399990133
432851019113447
302899434121462
428449214790169
185045949678561
48550682144193
387224747298050
225705127390025
316189524913708
461610883821730
523778157380467
553915393449677
365240511031259
118798134972158
166727041251851
390086743149087
126538293613883
442076379150824
271371286587962
71480924976377
200049829439883
413255252897406
299438128677639
527530234206534
373071809287034
333611723353042
327762575039736
242786796362666
479379894566862
536701845973087
67278606146145
403955636394798
84558925544598
186357866504451
240237342658233
70799945505149
553406539188232
371344674212071
468386277931078
6060919060527
156577330843178
153585919537707
86297267848415
325553735304811
261911586752403
269368314813357
294408749391288
121371742060916
373323422439403
371543577546445
144343905280719
355096498731476
500989158269332
58370655904465
64152762782075
550629402584882
53056815692446
229266450896652
467239680265137
66021628890444
542965774950249
409810397319279
231479678462848
12742285469992
315849955888684
55766024569035
359581498680121
342346922990057
120247310520611
262142262476964
242110457152912
233930005607987
469437473917818
250563139228635
417933437859405
533239059573846
153248162890031
236568581661539
26411429025958
43726790823404
120710293156409
220222375045934
329162111352795
401431933770286
56847144321887
398607317547895
472762049634961
91560012631283
336572213847073
490358487531619
346875909145751
168166429556416
16468224719611
348767918908238
251214876858105
197846645901293
281250594348259
303499846583684
298077970441085
516469850639941
103216133203448
35386585810822
543100098418912
39379381994753
33283770541714
315461358543369
498529289450554
205034603038251
188398318208707
409093856098029
109187725234210
393577669885824
400124913984653
132485076191457
282556767947238
283198094758261
201702304680163
554554415156437
210223542737634
11721582623278
540798119671191
342782085131390
203470406052598
124091670436742
105046525764550
205667927155614
317328203095183
266222543517292
96000743124875
275981969125793
17701446858418
92288656314584
196640541463799
284394482719722
247898734406864
371577757190496
139307808626938
167372096113643
17253233106538
172457357654484
330945391886033
28282718164461
346187849738340
9319955494356
293764601833
390113613002487
305967885980239
76117698795632
240768303395748
520197753515377
549345927204278
248260482061581
393503517311472
314433485727624
244126139779328
365262989332783
407983127245676
333357748233687
321657276019712
74567105862433
461876101631046
211770489221090
463771123321002
37369749722231
83470791830535
17398075389669
218674686641581
40934613334691
116679912994638
99324097493215
41573720086791
176320429467648
359042407606285
399275713279645
46072739492271
103293197157571
325141972912276
366492024899389
492511009250607
106192754192897
430402045934568
49666236372929
316876179151342
114552313298291
70469554908072
61252632769517
490407211783617
336881990829303
152898654489481
123980296819669
552022795193195
540799802266536
482121129266323
19439867437303
11344155118984
231652738787927
157030091075651
6017038619888
236892572651411
144163897632779
59440780695175
368915977930709
436205849114149
189923645546664
295028976234994
129337449959120
416091730099499
33271922318433
480838346446469
338614541568289
257453425228136
160824621715357
283895745673284
146871449976674
440663578171334
114485770107314
300616805448663
449029226283799
77628830955871
417205336259658
102035276778144
164325169821396
561152356215473
25950926604082
35358196412308
322482624977569
214115697906627
518642388759545
60231276286436
179299446779062
256391197967969
183180372165068
414158415546782
2360015904948
91910881470020
397241176355165
521020658392481
403496534814587
164634565430790
76119785326986
235741494268946
8661371770445
148087160634401
59551471829644
225012213219804
553706568780401
9109883830700
139406235090639
477881555075184
56008630354155
290828170284083
485502617212727
381241958841141
100640090958968
376488312704954
346863359767981
211801660110267
517285116670053
496799615071792
478501614840967
21026313840817
477887410306026
260902236729748
148895841892938
39915237713123
68041436864131
374184477155360
78477968376340
21429310135645
58918425709342
284702491214437
163214613337718
327451900681117
24141765469961
520539276753661
498109020702503
493351255590173
198442853004852
415280943737692
192588918571623
283560402485462
296792656433768
1539288190010
253748783446517
62009072817062
199522467440845
24830380595957
64440161571608
204728830170940
452339165174937
461415220845205
265459604975324
397279195692432
238461992408025
131546074702920
230570770251944
305298810621427
5737959438947
516507708894745
129959075721190
130637081391564
134873853147530
154455248976239
23273161312576
440749268696461
236817508000327
398178766558396
374205902427211
135109523089225
35635180299733
210394363021952
21200862597261
102211335461145
487685558248300
89099524181031
359903960660306
475992654451232
424783315525213
271173807010811
47251474358478
482584147418124
67217232456118
315053766956492
172302730141861
235366083873350
369714303077356
293232239600651
110354390006007
194704681882424
132683140642860
423075723056757
100539893210306
259180178457341
375387063988036
69994823283086
43334477663588
315219020392277
251433436108184
328455971099282
205490739137543
261388256208299
313915904675973
313165026640229
397770882507982
85450922541538
302389221923671
21800367679128
505778647052270
5223547521036
93098739411039
543385654444850
283974280856121
124634954543217
179779308469731
529552441794054
7593151720930
228938248514933
198116967649920
74695875611596
190337222263737
477934228847032
449627745992741
428710575867732
295450292404369
286605982920518
466454433683719
287442064163453
466743497586312
47778517785461
301578281811863
296937978971795
309487592275955
353140720283391
55715394318974
410892518980141
213914225524605
359621814411273
109919382203911
302947208718298
180059454771208
113795520913611
93547464593420
317967168133606
143936055673501
475269468258095
360148549721499
534355632947912
143459672535405
177828645336640
118846189105450
311897512321876
516283429344891
36804923751964
191154224594398
202783290612257
214443330472635
125309622532192
127488890472967
527867600352744
405037581930874
131096879131805
87467836485841
275232412991795
307796209280324
281590430424513
79685259926406
218451207361609
413225493110387
85977542164316
76091827353625
327860652563067
189462015022160
247845715550240
77687495104074
448814331851717
368360512217682
102527404884451
158704243016443
449294283148017
513929628977036
149975160381496
174930878909884
333805271057082
213513361314338
329537151338846
789263815094
5150668739230
446004435755716
547325071388610
558583181318490
237102508021509
195431434268564
424223540853774
353166812849269
128398714558242
41050553714334
17845078278519
14851590749224
535722354351088
510356695276748
224425618495106
177908203672063
76747123587250
374328774326236
96901224625493
41048585525933
264252360997754
535449977862576
17683449810952
291253163173072
486831970793641
456708769726910
434297684252321
152615730034391
447942689434262
217884151213926
109642577222899
204000780215603
237109119214034
184431016471616
186098788747050
442582662922113
356939629519048
287461925801537
554210233327846
228606656764337
461162008360948
145370941153054
486228847539486
252465384921311
440422948327554
561961985534546
361668948997264
216228742710524
542697001786354
52906914528485
467355340163716
548153676568342
562729250284168
217727223588027
115928773819561
221320072502202
547770149436258
443179741235345
399345969417877
63638401194938
84860250655182
112049467346046
294317193950506
139415531279610
171665010722490
215161943258907
525693475724528
119533341464713
367599238377741
164668063001233
338931760456217
514949571382715
433690737085701
211114996518929
134917599627872
335159367239155
281808862646918
332455724499470
496243117537385
43381542143579
361109333996992
135891193520559
49254596663077
103191212579960
545363978858953
175499807269210
529497202597244
275260138957715
270204051007972
538544594727871
327549860837088
16028549551996
65031013616015
325150027614080
447849429301231
207610742479464
422201966429977
101494456649868
136403826325063
460967272957921
289826821832820
358534251362727
544578128714322
510909300199971
241704738254030
372544025733643
500967477739790
431510565891045
144048142878185
45676119303964
351062554678521
32184669611572
546810972800568
518063211251840
218696587422118
111651177604222
254276559949750
274686417732485
375965107411265
31997538966313
20633107170574
304714293376301
497024957693748
297669056224367
232711851549769
416232917783437
15305219932123
214818265101341
541859134943930
504119713215580
313182939563979
88214456209784
305939000532424
183879496990180
251080289794584
7257675986706
525656701238838
502822213919071
212651356668748
447018544361356
159222530190265
298175744443257
238746284264400
167004560484602
195985625462951
497358796523317
15166022840759
186795803728503
247781420152530
412604150397668
52496342762377
490510106993606
441792442627578
138957054215617
410267617981805
397396381220705
60644813692578
213766368656250
561314519169308
215132244906000
336724816320901
371331143490096
39096986794605
154077441883847
466539769392758
284830703582444
537462326959585
308129801546187
135003907361990
266766436665979
455623398689193
530513788600248
141700912650910
5615700753937
327363754087116
433337262543410
360144370452686
40417185410484
82695164648616
410444752910228
369297460276008
279748143543714
31448696707262
98791722377615
90028821534174
542445516002484
183188772500869
443664051029055
43645657163798
375893669468534
124131244445433
305902044361153
103579899134593
207506718670358
281649877520242
32004973886887
79520978862208
335906850320250
297196982558102
161708987303397
375352982659108
474049496774825
294093204934750
459681503083214
61337434863192
125551688177046
535029794357928
187150830864467
192592730780766
397649085829518
528161938181270
421039650529783
387114798168712
304063615297976
173627191044771
522203198301572
531173687091961
143347594506219
312209729834061
322868302367869
198773648301620
205091962428085
445920498298282
211776437271229
396873256645822
243720662324392
159755147632294
105419664397909
193273864682710
100507975764533
267380976081746
370537181983398
437972553717253
514093288315555
448500645285482
97256962502647
465773525585426
245057545618294
270027798613727
273402449232808
112517912048273
103608517638380
340675793976094
156236927298555
555169681110495
406174229648951
535929074317267
435107667266413
417371235450670
333717689975172
19480806150989
378024572296348
248354379684005
523677034080271
457769243861960
228823616753221
255331520914932
543088553809336
22677268247091
534072042673733
479953130544587
365942260646839
72954244333318
212146525330375
499153913795041
172574144237852
73601402775003
411970012923425
543236761080575
47868035860431
72715880398992
136501742023163
400522387823399
318486698082717
223908186412452
202239043275599
258929978343024
511036975883778
68647020547981
124057543399523
312318746156696
258616760035780
217510039595428
294454158456437
349202436420033
112091518007791
270088289245584
447445226282082
305753639204174
159886720284215
142322932502412
58300754135128
349365560244819
214686215726552
140310879130882
168468913034835
390525728903499
170837165572384
45547990299754
437434917008982
188931856841216
142942074586906
262422478948639
551089419182672
501107734871434
312508657439429
555767647253084
258302374646562
521947180881528
104056653758616
20674077897554
203518049648774
382471868611064
241383027109973
362228380325379
139434817534643
7312917019946
441499150234294
174562772376718
537801443679583
547435702594863
26979537347649
114368730335444
109423914480295
263224891983923
346760645978270
556531824368500
11475046902603
196282345177072
75735293470576
351339396841064
469682613513928
73689913806846
303868957645650
342888564091485
413807276659527
312508586807217
379110871663938
312204446924867
542921231789071
337817366856604
421085192640288
154853373642838
502899250748067
235120908214845
525387698218659
518597418650343
60935988966544
137910605945084
548335745220120
79359027743905
5117572933538
353974632045216
506796763211970
409188906918831
29167746404641
14331084114008
193481605011689
327382047755291
348161341656392
561228945564711
300306118782985
429498297845552
278250913827607
526579973949676
26346352352048
556975188849948
512573261121305
128996514273702
31180657047602
144390208471557
20230433999456
364849743765481
270618141183315
263486118199270
367998559504647
469930398452439
310640420462020
163517210075094
488827493276122
431371635382674
535838608066836
37269422770571
24345306740873
101752382315441
212381824906965
447140115047271
354346416922550
509558499753980
149340571940952